Kinase Uniprot ID	Kinase Name	Mean Specificity Score	Mean Significance Score	Mean Final Score	Median Final score	Mean Kinase Statistic	Median Kinase Statistic	SD Kinase Statitistic	Mean peptide set size
P17612	PKA[alpha]	2.5456131997014	0.96657624451305	3.51218944421445	3.66554624884907	9.94844489463566	9.96971081625363	0.179662743224709	40.7777777777778
P51817	PRKX	1.49891229815536	0.96657624451305	2.46548854266841	2.88739499846543	10.1332947214562	10.1530687454676	0.33989017873808	24.5555555555556
Q13237	PKG2	1.60819018286166	0.96657624451305	2.57476642737471	2.76245626185713	10.1389170022147	10.2457370446918	0.237274640507421	28.4444444444444
Q13976	PKG1	1.75716811751083	0.96657624451305	2.72374436202388	2.76245626185713	10.0420259317444	9.96119404348174	0.205591441402429	32.3333333333333
Q00526	CDK3	1.29828176266626	0.96657624451305	2.26485800717931	2.23418248469008	13.5443231735	13.8983399119472	0.419812208744022	3.44444444444444
Q05655	PKC[delta]	1.16876070449922	0.96657624451305	2.13533694901227	2.08576265223226	10.4699122380323	10.417021379382	0.305964177669146	17
Q16566	CaMK4	1.0408594289289	0.96657624451305	2.00743567344195	2.0027884171675	10.8105131471559	10.9563093524456	0.226248692056926	11
P49674	CK1[epsilon]	0.958607314841775	0.96657624451305	1.92518355935483	1.92518355935483	12.6475499233666	12.6475499233666	NA	3
P05129	PKC[gamma]	0.799194635131521	0.96657624451305	1.76577087964457	1.82044820883481	10.2521310047761	10.5360853877567	0.814612194254381	10
P27361	ERK1	0.728721326671511	0.96657624451305	1.69529757118456	1.69241839524937	10.9263443237059	11.0880926459935	0.280156312241159	4.33333333333333
O15111	IKK[alpha]	0.684430935034559	0.96657624451305	1.65100717954761	1.6527090241439	11.0343368059909	11.0487119049109	0.021562648379934	3.66666666666667
Q9UBS0	p70S6K[beta]	0.827917640456989	0.96657624451305	1.79449388497004	1.6527090241439	9.64238385389044	9.79547509624069	0.545652160944361	20.1111111111111
P24723	PKC[eta]	0.505952322207181	0.96657624451305	1.47252856672023	1.6086413975126	9.18453577670205	9.85890751692069	1.28371004360381	10
Q15139	PKD1	0.624555908499933	0.96657624451305	1.59113215301298	1.58999928745654	10.4502793771679	10.4502793771679	0	5
Q9P1W9	Pim2	0.462927961780711	0.96657624451305	1.42950420629376	1.53844145048426	9.14227865036078	9.28349054865471	0.424902648807137	28.3333333333333
P49841	GSK3[beta]	0.560734592379392	0.96657624451305	1.52731083689244	1.53200734047885	10.5382776035685	10.5382776035685	0	3
Q9HBY8	SGK2	0.629911353878102	0.96657624451305	1.59648759839115	1.51941821317083	9.89814300432552	10.0568718168255	0.828681056555437	12
P51812	RSK2	0.52775696287189	0.96657624451305	1.49433320738494	1.49822891410089	9.93511793422149	9.93511793422149	0	6
P24941	CDK2	0.520654215674421	0.96657624451305	1.48723046018747	1.47806215569945	10.2616479238971	10.2616479238971	0	3
Q02156	PKC[epsilon]	0.56150749952441	0.96657624451305	1.52808374403746	1.46964659643984	9.64635125927773	9.4815770041719	0.341660643133069	14.3333333333333
Q96Q40	PFTAIRE2	0.52736715277	0.96657624451305	1.49394339728305	1.45474428541415	10.1927520068542	9.99020280408099	0.375048246240696	3.75
P17252	PKC[alpha]	0.407322757340395	0.96657624451305	1.37389900185344	1.41757298248726	9.21160718472071	9.31090728989302	0.160085412237083	21.5555555555556
P28482	ERK2	0.44998023601703	0.96657624451305	1.41655648053008	1.41655648053008	9.63597682168104	9.63597682168104	1.3031550853709	4.5
O94921	PFTAIRE1	0.446487398345213	0.96657624451305	1.41306364285826	1.40786767397988	9.81662981063831	9.81662981063831	0	3
O15264	p38[delta]	0.475797261461485	0.96657624451305	1.44237350597454	1.40547486086399	9.84090538210373	9.80180421620386	0.177236212471468	4.11111111111111
Q13535	ATR	0.438467246827821	0.96657624451305	1.40504349134087	1.39370464231257	9.71540468185633	9.65298438874724	0.187260879327264	4.88888888888889
P49137	MAPKAPK2	0.512727536171867	0.96657624451305	1.47930378068492	1.37329017749259	9.4671127648991	9.18155128339651	0.483169689592542	17.3333333333333
P41743	PKC[iota]	0.398252409920925	0.96657624451305	1.36482865443398	1.34957590339215	9.28559347983843	9.39721419510337	0.346060920151732	8.88888888888889
Q86V86	Pim3	0.414226530173485	0.96657624451305	1.38080277468654	1.33921038792032	9.11112241197908	9.1329795872139	0.0927548807217191	39.7777777777778
Q13153	PAK1	0.364649532041608	0.96657624451305	1.33122577655466	1.33513247549988	9.20660991777332	9.20660991777332	0	4
O76039	CDKL5	0.355116364523609	0.96657624451305	1.32169260903666	1.32169260903666	9.22232596090696	9.22232596090696	0	4
P06493	CDC2/CDK1	0.351058958730038	0.96657624451305	1.31763520324309	1.30952039165595	9.22232596090696	9.22232596090696	0	4
Q15349	RSK1/p90RSK	0.353791878740755	0.96657624451305	1.32036812325381	1.30952039165595	9.18959684807902	9.18959684807902	0	5
P05771	PKC[beta]	0.320056735710278	0.96657624451305	1.28663298022333	1.28896929179256	9.0272578111792	9.0272578111792	0	5
Q14164	IKK[epsilon]	0.293321706965741	0.96657624451305	1.25989795147879	1.27461114174569	8.75596904331938	9.04888945800532	0.5812459283947	3.77777777777778
P11309	Pim1	0.26588649703253	0.96657624451305	1.23246274154558	1.26414570806753	8.97593161156434	9.04206235898747	0.0943349447544894	42.4444444444444
Q15418	RSK3	0.294160197429606	0.96657624451305	1.26073644194266	1.25392654288584	8.89230634620253	8.89230634620253	0	6
O14920	IKK[beta]	0.290813581196988	0.96657624451305	1.25738982571004	1.24724495752932	8.80992158604639	8.77928256642756	0.179530762230292	3.66666666666667
Q15131	CDK10	0.308451732917803	0.96657624451305	1.27502797743085	1.24559050035931	8.78811978586094	8.81848458665584	0.694350772951246	4.57142857142857
Q16539	MAPK14	0.27898519770327	0.96657624451305	1.24556144221632	1.24154411310043	8.71778603847569	8.59752099337803	0.186313806717653	3.66666666666667
P50613	CDK7	0.265077916682965	0.96657624451305	1.23165416119602	1.23418248469008	8.37532054435542	8.75635004072976	1.11021833297642	4.55555555555556
P45983	JNK1	0.24717904941259	0.96657624451305	1.21375529392564	1.21529714052971	8.58138076945686	8.64952011749515	0.204418044114857	5.88888888888889
P68400	CK2[alpha]1	0.244637543426885	0.96657624451305	1.21121378793994	1.21375981332478	8.31187772935842	8.31187772935842	0	3
P45984	JNK2	0.225480137842693	0.96657624451305	1.19205638235574	1.21222790880203	8.35448749903512	8.64952011749515	0.495346370550687	5.33333333333333
P53779	JNK3	0.238295650536621	0.96657624451305	1.20487189504967	1.21222790880203	8.51324142141858	8.64952011749515	0.270419654111072	5.77777777777778
O75116	ROCK2	0.218786651922313	0.96657624451305	1.18536289643536	1.19058302701511	8.38281502725667	8.49214443543284	0.414576879736377	4.25
O43930	PRKY	0.214507480378828	0.96657624451305	1.18108372489188	1.18842499412941	8.41450637669504	8.35238737088075	0.437129302996544	7.66666666666667
P23443	p70S6K	0.196905739557991	0.96657624451305	1.16348198407104	1.18410362034676	8.33262176144583	8.53558701829112	0.658287078948265	11.4444444444444
Q04759	PKC[theta]	0.210230081520338	0.96657624451305	1.17680632603339	1.18267266524032	8.687201589761	8.66548554892961	0.0502312399325566	15.3333333333333
O75676	MSK2	0.209885961042474	0.96657624451305	1.17646220555552	1.17982482236749	8.04587112758517	8.04587112758517	0	3
Q05513	PKC[zeta]	0.226082630448555	0.96657624451305	1.1926588749616	1.16723569505947	8.28002043908507	8.07675973181192	0.447474527097299	4.33333333333333
Q16512	PKN1/PRK1	0.213112216886978	0.96657624451305	1.17968846140003	1.16448698663132	8.17442700113964	8.01711905151419	0.441200692577229	3.75
O96017	CHK2	0.19227207303067	0.96657624451305	1.15884831754372	1.16175556579189	8.55986044650441	8.62003593492486	0.301919109710964	15.4444444444444
Q13164	ERK5	0.17445289433382	0.96657624451305	1.14102913884687	1.13791634797773	7.62336474246455	7.62336474246455	0	3
O14757	CHK1	0.153904982141987	0.96657624451305	1.12048122665504	1.1068376783159	7.46229433743607	7.3094343583448	0.404429490090029	3.28571428571429
P15056	BRAF	0.133122185662501	0.96657624451305	1.09969843017555	1.09969843017555	7.34837740360742	7.34837740360742	NA	3
Q9UIK4	DAPK2	0.119997893262235	0.96657624451305	1.08657413777529	1.08805444901184	7.03739231109316	7.03739231109316	0	3
Q15759	p38[beta]	0.113532715835355	0.96657624451305	1.08010896034841	1.08010896034841	7.00822152501513	7.00822152501513	0	3
P48729	CK1[alpha]	0.123267422195783	0.96657624451305	1.08984366670883	1.07559664752336	7.45536132465408	7.26469578486781	0.769794616481216	6
P31751	Akt2/PKB[beta]	0.109866266663207	0.96657624451305	1.07644251117626	1.06240187622889	8.25951078271423	8.18558500063432	0.266165157884173	19.2222222222222
Q13131	AMPK[alpha]1	0.0916222594307106	0.96657624451305	1.05819850394376	1.0613201957646	7.54799734455209	7.61229296289552	0.41711549539775	8
Q16644	MAPKAPK3	0.238075445516153	0.96657624451305	1.2046516900292	1.0613201957646	8.46802037582404	8.27286353709419	0.770979366987785	21.1111111111111
P16066	ANP[alpha]	0.0832576559037244	0.96657624451305	1.04983390041677	1.05382294084173	7.93467949157403	8.00710006929486	0.135611849186397	14.3333333333333
O75582	MSK1	0.082576742150111	0.96657624451305	1.04915298666316	1.04854590772817	7.30456493622747	7.30456493622747	0	6
P04049	RAF1	0.0807008257542752	0.96657624451305	1.04727707026733	1.03715731879876	6.76921880864795	6.74389678244777	0.395238369396137	4.33333333333333
P31749	Akt1/PKB[alpha]	0.08139561828506	0.96657624451305	1.04797186279811	1.03613664974635	8.15800785841985	8.13186066108887	0.227586036637196	21.5555555555556
Q13464	ROCK1	0.088194499657755	0.96657624451305	1.05477074417081	1.03613664974635	6.65685981143848	6.09475637057408	0.769691835531748	3.4
P42345	mTOR/FRAP	0.0627890981404652	0.96657624451305	1.02936534265352	1.02506481187865	6.03827699024603	5.75573875598325	0.423807351394168	3.33333333333333
O14965	AurA/Aur2	0.0609207535740891	0.96657624451305	1.02749699808714	1.02407213834497	6.41935361432123	6.32178916769394	0.292693339881874	4.11111111111111
O60285	NuaK1	0.0197499859498274	0.96657624451305	0.986326230462878	0.98611835223695	4.85770270698059	4.85770270698059	0	3
Q8NI60	ADCK3	0.0210306916361308	0.96657624451305	0.987606936149181	0.981599118097557	6.09184953249932	6.10419166560176	0.0238123263818293	6.44444444444444
O43293	DAPK3	0.00436480540245009	0.96657624451305	0.9709410499155	0.9709410499155	4.04616879139716	4.04616879139716	NA	3
Q96GD4	AurB/Aur1	0.00457203252497674	0.96657624451305	0.971148277038027	0.9709410499155	4.05513764462158	4.4230157218397	0.729985428833813	3.77777777777778
