Kinase Uniprot ID	Kinase Name	Mean Specificity Score	Mean Significance Score	Mean Final Score	Median Final score	Mean Kinase Statistic	Median Kinase Statistic	SD Kinase Statitistic	Mean peptide set size
Q13153	PAK1	1.41342097816534	0.96657624451305	2.37999722267839	2.36451625318509	2.61701599574476	2.61701599574476	0	4
P51817	PRKX	1.23481088653512	0.96657624451305	2.20138713104817	2.20314825095011	2.03277484657723	2.03305376678422	0.100867268708054	25.5555555555556
Q14164	IKK[epsilon]	1.06499386716018	0.96657624451305	2.03157011167323	2.12147820449879	2.4134499409434	2.53904246602798	0.249214940926837	3.77777777777778
O76039	CDKL5	1.0768314439351	0.96657624451305	2.04340768844815	2.04340768844815	2.4197531011468	2.4197531011468	0.233440435007511	4.5
O15111	IKK[alpha]	0.930160430677521	0.96657624451305	1.89673667519057	1.90967139317658	2.39761267389667	2.40401080791653	0.00959720102978578	3.66666666666667
O14920	IKK[beta]	1.0648528681504	0.96657624451305	2.03142911266345	1.90211825528613	2.51406114491069	2.36769501316849	0.23833836663066	3.66666666666667
P49674	CK1[epsilon]	0.920818753952375	0.96657624451305	1.88739499846543	1.88739499846543	2.45387350660828	2.45387350660828	NA	3
Q00526	CDK3	0.849358681986817	0.96657624451305	1.81593492649987	1.83303733614283	2.33168521599532	2.48304671566182	0.195664029532337	3.55555555555556
P06493	CDC2/CDK1	0.86049331964235	0.96657624451305	1.8270695641554	1.81428790012999	2.25468578654985	2.25468578654985	0	5
Q13237	PKG2	0.760734853796519	0.96657624451305	1.72731109830957	1.78473265656828	1.92170384721433	1.92897999907041	0.0380823954853927	28.4444444444444
Q15139	PKD1	0.807743030278813	0.96657624451305	1.77431927479186	1.77905552367659	2.21230342077605	2.21230342077605	0	5
P50613	CDK7	0.538398388624776	0.96657624451305	1.50497463313783	1.67432017315657	1.92373304805212	2.14267750084156	0.344658020843831	4.55555555555556
Q15349	RSK1/p90RSK	0.621563280566925	0.96657624451305	1.58813952507998	1.58999928745654	2.07560233784964	2.07560233784964	0	5
P04049	RAF1	0.547272737619522	0.96657624451305	1.51384898213257	1.55160289654223	2.02986651235886	2.08858617924833	0.124002503518564	4.33333333333333
Q16566	CaMK4	0.678241053969705	0.96657624451305	1.64481729848276	1.51632713619369	1.98964048130437	1.95074972382929	0.0899078965590763	11
P15056	BRAF	0.525783735923745	0.96657624451305	1.4923599804368	1.4923599804368	2.05192033229876	2.05192033229876	NA	3
O14965	AurA/Aur2	0.508012616027865	0.96657624451305	1.47458886054092	1.4865693015559	1.98777778146003	2.00170046376456	0.0417680469135849	4.11111111111111
O14757	CHK1	0.523247171047017	0.96657624451305	1.48982341556007	1.48085481803147	2.00874766649136	2.0135924485386	0.0128180884533066	3.28571428571429
O96017	CHK2	0.557053024348105	0.96657624451305	1.52362926886116	1.47802552801261	1.91190751286011	1.88749749769441	0.0868642257996526	15.4444444444444
P17612	PKA[alpha]	0.575246756875522	0.96657624451305	1.54182300138857	1.46142626619314	1.85919769844242	1.84462813231211	0.027635718493917	41.3333333333333
P68400	CK2[alpha]1	0.476159393300788	0.96657624451305	1.44273563781384	1.45335864444511	1.9680811807509	1.9680811807509	0	3
Q9UBS0	p70S6K[beta]	0.567032361450565	0.96657624451305	1.53360860596362	1.42750014572027	1.86400465426307	1.85229685130869	0.146016802721063	20.4444444444444
P05129	PKC[gamma]	0.42835241758372	0.96657624451305	1.39492866209677	1.39370464231257	1.86442691618619	1.88803437157942	0.165341028996423	10
Q05655	PKC[delta]	0.438291781073053	0.96657624451305	1.4048680255861	1.37108002268748	1.87837314114193	1.86432672226801	0.0360999918484516	17
Q02156	PKC[epsilon]	0.436573971168779	0.96657624451305	1.40315021568183	1.36669317243936	1.87976104281327	1.86996606210795	0.0703467407537673	14.3333333333333
Q13535	ATR	0.389651155003283	0.96657624451305	1.35622739951633	1.35379238779331	1.86997529662174	1.85563350296841	0.0430253809599951	4.88888888888889
P41743	PKC[iota]	0.366035686807933	0.96657624451305	1.33261193132098	1.32115397516396	1.85542562149689	1.82654879056669	0.0461387168194218	8.88888888888889
O43930	PRKY	0.317054331115191	0.96657624451305	1.28363057562824	1.30381841283148	1.80012324746861	1.82807266219937	0.118288625974123	8.11111111111111
P27361	ERK1	0.331172205873082	0.96657624451305	1.29774845038613	1.28140113363161	1.65898687454287	1.65538318748871	0.440004096972839	4.16666666666667
Q15418	RSK3	0.311421507842446	0.96657624451305	1.2779977523555	1.27109456802285	1.80735541292442	1.80735541292442	0	7
Q9HBY8	SGK2	0.39688832644477	0.96657624451305	1.36346457095782	1.27109456802285	1.82707300401633	1.8149969321917	0.111321711855456	12
Q13976	PKG1	0.359965640997128	0.96657624451305	1.32654188551018	1.26587252736803	1.82987059516339	1.81231261114451	0.0385706868346547	33.1111111111111
O15264	p38[delta]	0.332283451766396	0.96657624451305	1.29885969627945	1.25224648476782	1.81144752591614	1.73775358360571	0.137918109231466	4.11111111111111
Q16539	MAPK14	0.299124510758544	0.96657624451305	1.26570075527159	1.25060181293854	1.76579022681798	1.7579021404107	0.0775340568939084	4.5
O94921	PFTAIRE1	0.256019704482045	0.96657624451305	1.2225959489951	1.22463716678385	1.6821828393109	1.6821828393109	0	3
Q16644	MAPKAPK3	0.274792620288056	0.96657624451305	1.24136886480111	1.21838821750685	1.77314328865284	1.79201827259693	0.0889952523617004	21.5555555555556
P49841	GSK3[beta]	0.238455316858008	0.96657624451305	1.20503156137106	1.20615376108984	1.6391647768887	1.6391647768887	0	3
O75116	ROCK2	0.235450763121849	0.96657624451305	1.2020270076349	1.20165325986316	1.67087955995739	1.66982998994071	0.0312822578729063	4.25
Q9P1W9	Pim2	0.224058646732675	0.96657624451305	1.19063489124573	1.20016339740065	1.78770106092507	1.78697285395868	0.0304445198361174	29.3333333333333
Q96Q40	PFTAIRE2	0.260275556546739	0.96657624451305	1.22685180105979	1.19795389882665	1.70631371267055	1.66811840737102	0.0707239627265075	3.75
P48729	CK1[alpha]	0.286008488695394	0.96657624451305	1.25258473320844	1.1741845550148	1.7117295927866	1.59043932785587	0.240176242287249	6
P24723	PKC[eta]	0.183032818989181	0.96657624451305	1.14960906350223	1.14835035089909	1.65715356241282	1.72429498752962	0.155933833451553	10
O75676	MSK2	0.169474655777791	0.96657624451305	1.13605090029084	1.14050144181222	1.54152212909462	1.54152212909462	0	3
Q86V86	Pim3	0.144637191687074	0.96657624451305	1.11121343620012	1.13279186985657	1.7725845243225	1.77899159695558	0.0172556702159646	40.7777777777778
Q9UIK4	DAPK2	0.166246228505826	0.96657624451305	1.13282247301888	1.13152014279293	1.51817777410316	1.51817777410316	0	3
Q13464	ROCK1	0.155020654391765	0.96657624451305	1.12159689890482	1.12272082188989	1.51953313121306	1.51025199050894	0.0127087253075638	3.4
P16066	ANP[alpha]	0.15600771819169	0.96657624451305	1.12258396270474	1.11900358537094	1.70774412668381	1.70972223012723	0.0130128929683654	14.3333333333333
P49137	MAPKAPK2	0.158232567080035	0.96657624451305	1.12480881159309	1.11166322220519	1.70648158859896	1.67661031475797	0.0603846458075426	17.8888888888889
P31749	Akt1/PKB[alpha]	0.154518843230656	0.96657624451305	1.12109508774371	1.10206516345466	1.73118183000776	1.72985158433625	0.0440000598791848	22.5555555555556
Q15759	p38[beta]	0.131556105024642	0.96657624451305	1.09813234953769	1.09734452478207	1.49881485561495	1.50542034406667	0.0114410416071926	3.66666666666667
Q15131	CDK10	0.126518977349413	0.96657624451305	1.09309522186246	1.09617233923402	1.50817838885479	1.52384761585251	0.0481468880193354	4.57142857142857
Q13164	ERK5	0.119711757930269	0.96657624451305	1.08628800244332	1.086907038881	1.48184174449226	1.48184174449226	0	4
O43293	DAPK3	0.103473782510445	0.96657624451305	1.07005002702349	1.07005002702349	1.39764310322446	1.39764310322446	NA	3
P24941	CDK2	0.0979054370603167	0.96657624451305	1.06448168157337	1.06785106292356	1.43724017754173	1.43441924947441	0.00746347413251826	3.85714285714286
P53778	p38[gamma]	0.0851603222340504	0.96657624451305	1.0517365667471	1.0517365667471	1.34946261001369	1.34946261001369	0	3
Q05513	PKC[zeta]	0.0715468469769663	0.96657624451305	1.03812309149002	1.04436996707403	1.40113921932224	1.40265000379443	0.00306800300594777	4.33333333333333
P23443	p70S6K	0.232769142940294	0.96657624451305	1.19934538745334	1.0412641530134	1.65369381766662	1.54276169847525	0.205815048414134	12.4444444444444
P11309	Pim1	0.0501544724491663	0.96657624451305	1.01673071696222	1.03818039225634	1.72472750507115	1.75943027088513	0.0422213943095914	43.4444444444444
P17252	PKC[alpha]	0.065402814507095	0.96657624451305	1.03197905902015	1.03207779326948	1.64844911808673	1.65687610271017	0.0250011633680825	21.5555555555556
P45983	JNK1	0.063089028116888	0.96657624451305	1.02966527262994	1.03106897868834	1.46785747044588	1.47031576002959	0.00737486875114124	6.88888888888889
P53779	JNK3	0.0635431956335527	0.96657624451305	1.0301194401466	1.03106897868834	1.46539918086216	1.47031576002959	0.00975603433363061	6.77777777777778
O75582	MSK1	0.0643181346295834	0.96657624451305	1.03089437914263	1.0290583524957	1.47438308758946	1.47438308758946	0	7
P45984	JNK2	0.0532902316386686	0.96657624451305	1.01986647615172	1.0290583524957	1.40052313998339	1.47031576002959	0.13806887414014	6.33333333333333
P05771	PKC[beta]	0.056346528164738	0.96657624451305	1.02292277267779	1.02209357236288	1.38812313216547	1.38812313216547	0	5
P31751	Akt2/PKB[beta]	0.0587360515786888	0.96657624451305	1.02531229609174	1.01621139013693	1.62620139098525	1.62541606580702	0.0344355307200079	20.2222222222222
P28482	ERK2	0.148693184285364	0.96657624451305	1.11526942879841	1.01426823485093	1.44867630874363	1.31021712861178	0.336328607040822	4.66666666666667
Q13131	AMPK[alpha]1	0.035541731990212	0.96657624451305	1.00211797650326	1.00944804683624	1.37999754412468	1.35889041451401	0.0732516461216593	8
P51812	RSK2	0.0405542182114722	0.96657624451305	1.00713046272452	1.00849039599197	1.40433624706375	1.40433624706375	0	7
Q16512	PKN1/PRK1	0.0339548193339098	0.96657624451305	1.00053106384696	1.00143190106298	1.21792752804331	1.19571838355654	0.124703770903654	3.75
Q04759	PKC[theta]	0.0495270457067315	0.96657624451305	1.01610329021978	0.993448390913352	1.56191020670445	1.51483396294185	0.0623692374162784	15.3333333333333
Q8NI60	ADCK3	0.02936962041981	0.96657624451305	0.99594586493286	0.993448390913352	1.34153549050483	1.34078992613537	0.037882637792819	7.11111111111111
P42345	mTOR/FRAP	0.0653614067479452	0.96657624451305	1.031937651261	0.984305011473482	1.24956265835892	1.09427049292974	0.232938248143774	3.33333333333333
O60285	NuaK1	0.0446588928297346	0.686132779630847	0.730791672460581	0.732856442963542	1.24424881641512	1.24424881641512	0	3
Q96GD4	AurB/Aur1	0.0140606126848995	0.648575810022047	0.662636422706946	0.701155653215353	1.09865503570008	1.15676176076283	0.115301958012327	3.77777777777778
